10
city0 city1 city2 city3 city4 city5 city6 city7 city8 city9 
0 93 44 23 89 95 7 59 78 8 
93 0 25 25 47 79 58 6 62 81 
44 25 0 43 29 24 36 60 51 1 
23 25 43 0 54 9 81 83 17 26 
89 47 29 54 0 99 9 29 52 34 
95 79 24 9 99 0 68 64 40 19 
7 58 36 81 9 68 0 88 63 58 
59 6 60 83 29 64 88 0 91 9 
78 62 51 17 52 40 63 91 0 99 
8 81 1 26 34 19 58 9 99 0 
